305814933
1884714395
2303802073
1006086763
1046091228
3652094005
3822225843
1810725972
1975600085
3735973666
2392973061
789979663
898030085
912319652
1788349324
106474896
1519106828
255075847
1779613707
19051753
1312773057
1345844842
4221890432
3360828498
2654047579
3837390147
355227327
1812691565
743290833
3998979537
3897365446
816703065
2790316484
3283996430
2204638375
3099968264
10310924
2719034714
3668958097
68207001
2961695357
1788979244
898356288
1898898789
842776631
838394598
1597924230
1461617117
3548046643
3627244081
3513913175
393163759
4115445922
2202920659
1258882254
326412684
2886186027
417606785
3017967767
1538310478
3308087660
4065063854
1728989988
3530346099
981634589
2818315163
1300848052
2491554635
1246696650
2667628308
2777375513
527111899
2678058298
179223609
1433102102
3540502398
4182311879
3619594506
2155875117
3556337553
1080967303
2850166220
3953953722
3960587273
1117587876
2662635307
3164600616
2346751957
4222045180
1758161625
1119251632
2373939478
4184315627
2588323566
1643317887
2609576106
2506101222
220918525
1206596356
283850085
2060256064
1958763067
3571670102
1726010280
3910160033
974054261
2884544889
3821634069
2472227931
448653730
549321897
2152665941
2520909540
921790395
361017318
313537944
851866724
3581835381
1055760747
2065240095
77524287
568052165
1644900980
3059681316
2845202841
4233423442
2104985086
331730682
3236155013
2857954346
2014085292
1072227127
2056064195
975803171
2033867123
193514850
3208662179
2447733959
37892170
53227057
2225208808
960229274
789468978
1999136971
3847519063
1534814729
2364026898
1608878129
1540545790
3483626893
3698980044
2125156182
685014075
246863280
3138541317
2688175684
3833355857
572826797
2417881935
3885274185
3447541721
4195975148
980886179
1443667034
1788522792
1449531847
1099374752
1630108300
2299797415
1330035956
701165015
3131331756
1279536218
2056306676
2841371263
678959688
1053968320
3835598154
74977034
1830298400
1363368011
1817612534
4180904725
499614609
325063321
179851858
2368257742
3652562021
3581257837
3828444971
1521279017
1509764896
846448483
2561700967
2561790733
3525051680
1846466001
3431941225
869385615
597340401
779087636
4072645600
1005226708
3236616967
1881416158
2830534171
2306032839
1968499838
1491179918
2912790289
1024320328
3144119215
942549831
1541853525
510843885
2450198512
4081868755
3847276313
3059498688
782459666
2811646493
4214336324
702819193
3425505169
3408400994
1513021401
997941394
4289722123
3397336358
1828472046
4273651626
524377508
1561085022
613857176
2428625423
4122117025
3203872116
3155573480
1167587580
2772307186
2930141585
1564148666
1627166623
4124231066
2507658597
4035141430
3388927368
2791496089
995624037
1205133415
687589759
1809273959
1590772138
1898155841
1756562773
1110198698
1445198632
400641033
195374763
1840331545
716547968
2731851881
4284917114
1949169063
2521508686
3627539371
2816243760
1568990955
2627071090
3971284889
1785080100
851119010
642824148
3513613476
2179126642
1472806154
2414286630
2396988217
33751097
4059828191
2134743258
3978313268
998651443
2173637672
1827696553
628999797
886172863
2223043203
921622920
3645270664
36280489
3509670258
945237405
1620992900
51136114
350956305
1474010961
1713281483
1124978736
3130173237
369501995
1782373378
3845028922
2116316272
1306276027
962710570
2289644579
2809669148
3132997468
3687993514
3135230595
841997757
1004360263
888863774
703047294
1705599916
4132357794
1714303642
2214471533
2466112670
1712389893
3085875003
4290396028
1215180081
3520903108
3756563614
1379781599
3154043212
3699581855
1542889807
640448383
1803670679
1131484901
4117550313
1491488034
1725428494
1352883955
28570620
3821062462
2005399040
4194189309
1035552239
3905112575
1982245447
2816736080
1668098388
4202270845
3200310763
478560163
2584345298
483138798
998960003
857467524
203471071
1342852497
1693541944
1287107739
1955798625
1635651809
2828173940
854591711
3146565417
2115984133
4090986101
2739224424
3505460233
295417547
2428557030
3827463860
1879629189
669929107
2954087941
674016475
1435715940
2422002487
1191001467
2343781727
969403294
3915702979
2868762387
3956088239
2327142523
3978191284
2241961440
1324736827
3607004014
678934678
2177036471
3962219569
2579827106
4064138840
2967978129
1323171285
1204124040
2186584376
805700139
3654479381
2743455468
4056790346
2726778744
202650226
3293581615
412299657
1296558263
3073878327
1587900791
3369181646
1976861111
3673591435
3104221405
2824983871
505458744
1374365655
1550126294
3808258575
3714107621
4060116608
1266301157
643271393
3036274626
2483414481
4121528346
3017700491
1604045741
1579915540
4087688667
2462817567
825763442
2791359369
170770535
118226974
102145379
3266861099
31300255
2089845486
86452620
1302330619
327161377
3531760002
3497657395
209251755
3941806290
2154342080
2242965483
3820793818
253470683
1624896351
3261261703
4137739810
3670203320
1198060629
191099056
3143161013
4120787564
4290415496
2868470551
3042414678
690469976
816705467
1645481132
4264250861
1323916833
2353196258
3944764259
2544018708
978060418
2077553771
3539371721
4151785468
3963099933
3231494544
3817544498
2699628401
110516677
583841052
3164400005
1370694937
1004071349
2719350273
3663939733
1242254775
2683230297
3892755424
289354068
921968028
2070917285
2568007942
2821671291
1454586684
2918057781
997154749
1871895569
751294996
4005657041
2979309581
3921377240
283742618
1494921069
2536684509
1127094947
1689972040
3999779661
791026732
4101741919
3865912135
3164177327
318969827
3943426312
1448445986
2314836135
3348006191
1065196190
3932509840
126165981
3625050214
447562682
3916509400
4188951928
3062881913
1244006452
597919345
2928403041
2172723543
1563856754
3430531915
559679603
2637931805
2032288468
3179519729
3149435764
1873978230
2942209071
2414910319
1713602574
2759145456
2679268346
83602657
3583226006
2887138195
2855284685
299303910
3831162289
1035641476
784609265
2613296871
1888692181
1485949454
378629902
3949581964
3511490060
2854505515
3589437486
1443867597
945102883
1965856957
403290670
1939128251
1466920938
3862549734
511943374
2303593016
803544778
1558899680
3435341254
161456966
3804663170
262170497
609383458
1137963587
2666636559
1706048071
3120660066
2015500977
4084087468
2543252932
3898119064
3717029311
2490490204
4017662176
1408762585
840299148
799436097
393144538
510747351
1549709592
2889269344
3894079885
2001012474
3595500484
1439702468
837062257
156894599
182370628
3631326742
2780216154
3412849002
1243373509
2959283740
3074011333
2423660935
572633503
1776993755
1468258100
4117153895
1224019223
926360086
3740012660
3424019497
2177331751
1359839212
3007124259
1969095568
4259834980
1159952300
4280861750
2132267279
2298593282
4209472085
494695771
2869731261
4028408126
1007201665
1018255263
164065280
128